0.0 nan nan
0.02564102564102564 nan nan
0.05128205128205128 nan nan
0.07692307692307693 nan nan
0.10256410256410256 nan nan
0.1282051282051282 nan nan
0.15384615384615385 nan nan
0.1794871794871795 nan nan
0.20512820512820512 nan nan
0.23076923076923075 nan nan
0.2564102564102564 nan nan
0.28205128205128205 nan nan
0.3076923076923077 nan nan
0.3333333333333333 nan nan
0.358974358974359 nan nan
0.3846153846153846 nan nan
0.41025641025641024 nan nan
0.4358974358974359 nan nan
0.4615384615384615 nan nan
0.48717948717948717 nan nan
0.5128205128205128 nan nan
0.5384615384615384 nan nan
0.5641025641025641 nan nan
0.5897435897435898 nan nan
0.6153846153846154 nan nan
0.641025641025641 nan nan
0.6666666666666666 nan nan
0.6923076923076923 nan nan
0.717948717948718 nan nan
0.7435897435897436 nan nan
0.7692307692307692 nan nan
0.7948717948717948 nan nan
0.8205128205128205 nan nan
0.8461538461538461 nan nan
0.8717948717948718 nan nan
0.8974358974358974 nan nan
0.923076923076923 nan nan
0.9487179487179487 nan nan
0.9743589743589743 nan nan
1.0 nan nan
